      fun: 0.4124508125843204
 hess_inv: array([[ 4.25626767e-01, -7.83835819e-02, -2.37457200e+00, ...,
        -2.26173086e+00, -1.83516207e+00, -1.17315845e+00],
       [-7.83835934e-02,  6.98850453e-01,  1.12838337e+00, ...,
         9.68425788e+00, -8.26119412e+00,  5.66366955e+00],
       [-2.37457188e+00,  1.12838304e+00,  1.13635352e+02, ...,
        -2.76405583e+01,  1.24857498e+02, -1.97384101e+01],
       ...,
       [-2.26173162e+00,  9.68425897e+00, -2.76405548e+01, ...,
         1.68192271e+03, -3.30066405e+02,  9.24417224e+02],
       [-1.83516242e+00, -8.26119345e+00,  1.24857492e+02, ...,
        -3.30066423e+02,  1.37180183e+03, -1.78672251e+02],
       [-1.17315892e+00,  5.66367019e+00, -1.97384066e+01, ...,
         9.24417216e+02, -1.78672247e+02,  5.20456617e+02]])
      jac: array([-1.91833824e-04, -1.80304050e-05, -4.95240092e-05, -1.43051147e-05,
       -1.42566860e-05,  1.83023512e-05,  1.82911754e-06, -4.98779118e-05,
       -1.41188502e-06, -2.80402601e-05, -1.08778477e-06, -1.03265047e-05,
       -3.75334173e-04, -3.40465456e-04, -9.54121351e-05, -8.98055732e-05,
       -1.89691782e-05, -2.72095203e-05, -1.21183693e-05, -1.75945461e-05,
       -5.99399209e-06, -7.17118382e-06, -2.48104334e-06, -2.35810876e-06,
       -4.66734171e-04, -4.90952283e-04, -1.14724040e-04, -1.30489469e-04,
       -3.60049307e-05, -2.38940120e-05, -2.11186707e-05, -1.09560788e-05,
       -8.19936395e-06, -4.19840217e-06, -2.72318721e-06, -1.31875277e-06,
       -5.21816313e-04, -5.09705395e-04, -1.30642205e-04, -1.38234347e-04,
       -2.62372196e-05, -2.89492309e-05, -1.14142895e-05, -1.16303563e-05,
       -3.94508243e-06, -3.82214785e-06, -1.09896064e-06, -8.71717930e-07,
       -5.55809587e-04, -4.27391380e-04, -1.42395496e-04, -1.15536153e-04,
       -2.91280448e-05, -2.98991799e-05, -2.57417560e-06, -1.21034682e-05,
        7.11530447e-07, -3.85195017e-06,  5.21540642e-07, -9.83476639e-07,
       -5.68334013e-04, -2.79821455e-04, -1.36725605e-04, -7.56867230e-05,
       -4.52660024e-05, -2.49817967e-05,  1.32992864e-06, -1.10343099e-05,
        4.11272049e-06, -3.50549817e-06,  2.06381083e-06, -7.67409801e-07])
  message: 'Desired error not necessarily achieved due to precision loss.'
     nfev: 41622
      nit: 488
     njev: 570
   status: 2
  success: False
        x: array([ 7.37693202e-01,  9.79257013e-01, -1.62897519e-01, -2.65432653e-01,
        1.82678442e+00,  2.87856610e+00,  1.88947962e+01, -6.65876142e+00,
        2.15407186e+01, -3.30220257e+00,  1.06742401e+01, -1.22323136e+00,
        1.54527427e-01, -4.81577733e-01, -4.02850147e+00,  1.00501765e+00,
       -3.10982956e+01, -4.18250204e+00, -4.00675243e+01,  1.29094732e+01,
       -9.38483681e+00,  6.53317726e+00, -8.30197039e-01,  2.16110558e+00,
       -3.18685084e-01,  1.26193757e+00,  1.47460912e+01,  3.00405183e-01,
        5.42477342e+01, -7.83079550e+00,  3.36220384e+00,  7.66295532e+00,
        1.81727849e+00,  3.03747142e+00,  1.36967865e+00,  3.79214294e-01,
        5.19734059e-01, -5.42728326e-01, -3.10728744e+01, -4.34656566e+00,
       -5.61930548e+00, -2.15254393e+00, -3.56273736e+00,  1.54697260e+00,
        5.79971169e-01, -2.11957251e+00,  7.16082135e-01, -1.91135282e+00,
       -3.43913368e-01,  2.56553800e-01,  2.45645894e+01,  3.48174431e+00,
       -2.05720524e+01,  7.84260304e+00, -2.53097223e+00, -3.92467531e+00,
        1.12031739e+00, -6.88651941e+00,  6.98537659e-01, -4.00646645e+00,
        7.23872925e-02,  4.68477041e-02, -6.55412566e+00, -3.19185722e+00,
        4.71303274e+00,  7.46202975e+00,  1.23257450e+01, -1.21120435e+01,
        5.54551389e+00, -1.19596109e+01,  1.82287852e+00, -6.20884350e+00])
