   direc: array([[ 1.00000000e+00,  0.00000000e+00,  0.00000000e+00, ...,
         0.00000000e+00,  0.00000000e+00,  0.00000000e+00],
       [ 0.00000000e+00,  1.00000000e+00,  0.00000000e+00, ...,
         0.00000000e+00,  0.00000000e+00,  0.00000000e+00],
       [-7.13626736e-04, -2.67114869e-03, -8.88030666e-04, ...,
        -6.23341240e-09,  4.79900937e-08, -1.16890123e-07],
       ...,
       [ 0.00000000e+00,  0.00000000e+00,  0.00000000e+00, ...,
         1.00000000e+00,  0.00000000e+00,  0.00000000e+00],
       [ 0.00000000e+00,  0.00000000e+00,  0.00000000e+00, ...,
         0.00000000e+00,  1.00000000e+00,  0.00000000e+00],
       [-3.67225667e-03, -1.66704520e-03,  3.05183807e-03, ...,
         2.79352977e-07, -5.01936779e-08,  6.69711294e-08]])
     fun: array(0.42318766)
 message: 'Optimization terminated successfully.'
    nfev: 18022
     nit: 27
  status: 0
 success: True
       x: array([ 7.07833564e-01,  9.70016914e-01, -1.64054434e-02, -3.73520474e-03,
       -1.26486021e-02, -5.57350742e-03,  2.38844435e-02,  4.09087607e-03,
        2.68312810e-02, -2.50420707e-02, -1.66424276e-02,  6.89368314e-03,
       -7.84785498e-03, -6.61244226e-04, -7.19232428e-03, -9.01966287e-04,
       -2.82692592e-03,  2.32255502e-03, -1.58919550e-03,  1.35190420e-03,
        2.44049069e-03,  1.59279511e-03,  6.13985577e-04, -7.66260275e-04,
        1.27583430e-04,  7.44194824e-04,  8.31847479e-05, -8.24847903e-04,
       -1.21695078e-04,  8.79746132e-05, -1.71470982e-05,  3.89901589e-05])
