      fun: 0.8128055171152453
 hess_inv: array([[ 1.02083115e+00,  4.73103156e-03,  2.26687552e-02, ...,
        -5.08582103e-02, -2.58606244e-03,  1.23281910e-02],
       [ 4.73103155e-03,  1.00082096e+00,  4.98460254e-03, ...,
        -1.16742289e-02, -5.87744077e-04,  2.67742887e-03],
       [ 2.26687552e-02,  4.98460255e-03,  1.02405293e+00, ...,
        -6.01818810e-02, -3.01404347e-03,  1.41941884e-02],
       ...,
       [-5.08582112e-02, -1.16742290e-02, -6.01818820e-02, ...,
         1.79952567e-01,  9.85459394e-03, -4.41695234e-02],
       [-2.58606247e-03, -5.87744083e-04, -3.01404351e-03, ...,
         9.85459393e-03,  5.63061324e-04, -2.45236939e-03],
       [ 1.23281912e-02,  2.67742890e-03,  1.41941886e-02, ...,
        -4.41695233e-02, -2.45236939e-03,  1.09068227e-02]])
      jac: array([ 1.32568987e+00,  1.54406659e-01,  5.35101503e-01, -8.72103244e-01,
       -1.11357863e+00, -3.11626025e+00, -4.78479386e+00, -8.36099900e+00,
        8.11631229e+00,  4.33709224e+00,  2.48798838e+00, -6.95872385e+00,
       -1.38482184e+01, -3.40135548e+01, -5.24118037e+01, -9.79677272e+01,
        1.29717262e+02,  1.49133824e+02,  9.02228266e+01,  8.70137571e+01,
       -3.71310932e+01, -1.09658904e+02, -3.70033849e+02, -6.24510238e+02,
        2.30442693e+03,  3.14450304e+03,  2.38528222e+03,  3.67773701e+03,
        2.26165652e+03,  4.03015430e+03,  1.42865926e+03,  4.36082641e+03])
  message: 'Desired error not necessarily achieved due to precision loss.'
     nfev: 3807
      nit: 13
     njev: 115
   status: 2
  success: False
        x: array([ 9.99373704e-01,  9.99944801e-01, -6.47501806e-04, -8.27904126e-05,
       -9.12085230e-04, -7.42631141e-05, -1.47656012e-03,  3.36275408e-05,
       -2.36139195e-03, -9.88391533e-05, -2.56285619e-03, -2.64856987e-04,
       -3.63269268e-03, -3.72127788e-04, -6.88206064e-03, -5.39290499e-04,
       -3.51450339e-03,  1.38849796e-03, -1.89826478e-03,  1.24646431e-03,
        2.39429400e-03,  1.62083743e-03,  6.12881176e-04, -7.46912111e-04,
        3.31286266e-04,  6.49944342e-04, -2.68210867e-05, -8.51227659e-04,
       -1.30053056e-04,  9.38504669e-05, -2.00232358e-05,  3.77257136e-05])
