      fun: 0.41190317498627016
 hess_inv: array([[ 4.22705252e-01, -5.38981231e-02, -2.59862076e+00, ...,
         8.10439991e-01,  1.16233543e-01,  1.57992155e-01],
       [-5.38981201e-02,  7.39838420e-01,  2.92754878e+00, ...,
        -5.61513731e+00,  7.08829030e-01, -1.96930761e+00],
       [-2.59862067e+00,  2.92754899e+00,  1.14163746e+02, ...,
        -2.40315105e+01,  3.62715317e+00, -6.68002252e+00],
       ...,
       [ 8.10439894e-01, -5.61513739e+00, -2.40315044e+01, ...,
         2.02246310e+02,  2.20182296e+01,  8.02274938e+01],
       [ 1.16233580e-01,  7.08829011e-01,  3.62715165e+00, ...,
         2.20182295e+01,  6.08038097e+01,  1.34098441e+01],
       [ 1.57992121e-01, -1.96930764e+00, -6.68002030e+00, ...,
         8.02274936e+01,  1.34098442e+01,  3.39711957e+01]])
      jac: array([ 6.22607768e-05,  4.32133675e-07,  1.58734620e-05,  1.78813934e-07,
        4.22447920e-06,  1.38208270e-06,  1.58324838e-06, -3.80352139e-06,
       -7.59959221e-07, -2.35810876e-06, -6.44475222e-07, -1.09523535e-06,
       -9.31322575e-08, -3.72529030e-07,  1.68904662e-04,  2.39036977e-04,
        4.18461859e-05,  5.67547977e-05,  6.66081905e-06,  1.48713589e-05,
        7.61821866e-06,  8.55326653e-06,  3.65078449e-06,  3.40119004e-06,
        1.25169754e-06,  1.21071935e-06,  3.50177288e-07,  3.94880772e-07,
        2.33892351e-04,  3.77837569e-04,  6.24395907e-05,  9.81912017e-05,
        1.33290887e-05,  1.91703439e-05,  3.15532088e-06,  9.80496407e-06,
        2.05636024e-06,  4.44054604e-06,  9.46223736e-07,  1.76578760e-06,
        3.50177288e-07,  5.99771738e-07,  2.66537070e-04,  4.51553613e-04,
        6.45630062e-05,  1.05440617e-04,  1.95987523e-05,  2.26609409e-05,
        2.68593431e-06,  1.18501484e-05,  1.56089664e-06,  5.56558371e-06,
        9.01520252e-07,  2.19792128e-06,  3.65078449e-07,  6.85453415e-07,
        2.67595053e-04,  4.89365309e-04,  6.38924539e-05,  1.21042132e-04,
        1.76504254e-05,  2.74293125e-05,  1.56462193e-06,  1.41039491e-05,
        1.23307109e-06,  6.63101673e-06,  6.33299351e-07,  2.58535147e-06,
        2.23517418e-07,  8.82893801e-07,  2.64000148e-04,  4.87688929e-04,
        7.18347728e-05,  1.25512481e-04,  1.67600811e-05,  2.77310610e-05,
        1.69500709e-06,  1.46441162e-05,  1.50501728e-06,  6.95511699e-06,
        8.67992640e-07,  2.89082527e-06,  3.50177288e-07,  1.01327896e-06,
        2.45239586e-04,  4.83829528e-04,  6.05098903e-05,  1.17350370e-04,
        1.50613487e-05,  2.26795673e-05,  2.69711018e-06,  1.32322311e-05,
        2.25007534e-06,  6.94766641e-06,  1.39325857e-06,  3.03238630e-06,
        4.28408384e-07,  1.00955367e-06])
  message: 'Desired error not necessarily achieved due to precision loss.'
     nfev: 77319
      nit: 720
     njev: 781
   status: 2
  success: False
        x: array([ 7.45538674e-01,  9.62476037e-01, -4.61382993e-01,  1.43149970e-01,
        4.29337673e+00,  3.08002018e-01,  1.52817129e+01, -2.57301371e+00,
        2.38126565e+01, -5.48675415e-01,  1.26463266e+01,  2.01366028e-01,
        4.99184573e+00,  2.10010240e-01,  5.08872814e-02, -3.14415533e-01,
       -2.87379789e+00, -1.88802582e+00, -3.73216676e+01,  6.18387914e+00,
       -4.87556183e+01,  6.75046020e+00, -1.08062666e+01,  3.23773093e+00,
       -2.90090311e-01,  1.06517117e+00,  8.04253709e-01,  3.96537948e-01,
        3.75819860e-01,  1.04325737e+00,  1.28605868e+01,  5.88809390e+00,
        5.98835505e+01, -2.03068002e+01,  1.56580491e+01,  4.06205835e+00,
        8.64750314e+00,  3.06964828e+00,  4.07943886e+00,  7.74267545e-01,
        1.62298397e+00,  2.54669390e-01, -1.88608965e+00, -1.55580283e+00,
       -2.50874620e+01, -5.00056846e+00, -3.03394154e-01, -6.80545568e+00,
        1.00394431e+01,  7.51362491e+00,  7.48024313e+00,  2.16887323e+00,
        3.16693031e+00, -2.28169684e-01,  1.22806547e+00, -3.59337117e-01,
        3.91306482e+00,  3.33666123e+00,  5.34599468e+00, -1.40472273e+00,
       -2.85904862e+01,  1.05361223e+01, -8.39980268e-01,  7.59624126e+00,
        2.72370524e+00, -7.16032010e-01,  1.29291625e+00, -1.92431930e+00,
        5.59979162e-01, -1.11291836e+00, -3.57946510e+00, -3.05494306e+00,
        1.95671015e+01,  5.19488848e-01, -1.54421120e+01,  1.23789302e+01,
       -4.33925144e+00, -3.62731672e-01, -1.25835363e+00, -6.31064625e+00,
       -2.61831387e-01, -4.44855376e+00, -9.90547468e-02, -2.09016765e+00,
        1.20236899e+00,  1.08256001e+00, -1.18690586e+01, -7.17153725e-01,
        2.13175278e+01, -2.23470617e+00, -1.74515201e+00, -1.55190585e+01,
       -3.30776013e+00, -1.41422330e+01, -1.76179585e+00, -7.49108143e+00,
       -5.41108146e-01, -3.17604517e+00])
