   direc: array([[ 1.00000000e+00,  0.00000000e+00,  0.00000000e+00, ...,
         0.00000000e+00,  0.00000000e+00,  0.00000000e+00],
       [-2.90428174e-03,  1.75356738e-03, -3.98141272e-03, ...,
         2.14013440e-08, -1.34733595e-09,  2.15141662e-08],
       [ 2.95071799e-03,  4.60347256e-03,  7.70224675e-03, ...,
         7.99875553e-09,  1.35295020e-09,  7.67288722e-09],

       ...,

       [ 0.00000000e+00,  0.00000000e+00,  0.00000000e+00, ...,

         1.00000000e+00,  0.00000000e+00,  0.00000000e+00],
       [ 0.00000000e+00,  0.00000000e+00,  0.00000000e+00, ...,
         0.00000000e+00,  1.00000000e+00,  0.00000000e+00],

       [-7.80718631e-03,  1.15640597e-03,  5.03338520e-03, ...,

         2.80533717e-09, -2.31443773e-10,  5.34571374e-09]])
     fun: array(0.42410683)
 message: 'Optimization terminated successfully.'
    nfev: 24056
     nit: 20
  status: 0
 success: True
       x: array([ 7.43762782e-01,  9.14486854e-01, -5.12298692e-02,  2.82923951e-02,
        1.48268427e-03, -4.83380759e-03,  2.67985985e-03,  1.92377902e-04,
        3.38087124e-04, -1.00594146e-05,  3.11061149e-03,  9.74091885e-03,
       -1.14007371e-02, -4.56678201e-03, -2.38164860e-03, -9.05434521e-05,
       -3.59623382e-04,  1.22048177e-04, -3.00999076e-05,  1.39071646e-04,
        7.45086712e-04,  2.04966813e-03, -4.12511891e-04, -4.54450257e-04,
        4.04324144e-05, -7.31636817e-05,  1.44271830e-05, -6.44813111e-05,
        2.96253477e-06,  2.61989192e-06, -5.30396641e-06,  1.51782574e-04,
       -1.32327573e-05, -6.11741865e-05,  7.54809707e-06, -5.36568715e-06,
        1.72469846e-06, -5.02070096e-07,  3.16117331e-07,  9.55583520e-07,
       -2.73488698e-06,  8.17514441e-06, -4.38862292e-07, -2.40312653e-06,
        7.06048074e-07, -1.12022710e-06,  1.47831561e-07,  7.03601148e-08,
        4.60450835e-08,  1.24862541e-07])
