 final_simplex: (array([[ 7.44972894e-01,  9.56930892e-01, -7.59578774e-02,
         2.25248316e-03,  3.00215844e-02, -3.76653854e-05,
         6.89920614e-03, -3.28404823e-02, -3.11994786e-03,
         1.91051277e-02, -1.14904338e-02, -2.28201213e-03,
         6.23910277e-05,  8.95306943e-03, -1.42209568e-03,
        -4.73080045e-03,  1.05498375e-03,  4.46535830e-04],
       [ 7.44972894e-01,  9.56930892e-01, -7.59578774e-02,
         2.25248316e-03,  3.00215844e-02, -3.95486547e-05,
         6.89920614e-03, -3.28404823e-02, -3.11994786e-03,
         1.91051277e-02, -1.14904338e-02, -2.28201213e-03,
         6.23910277e-05,  8.95306943e-03, -1.42209568e-03,
        -4.73080045e-03,  1.05498375e-03,  4.46535830e-04],
       [ 7.44972272e-01,  9.56931909e-01, -7.59594886e-02,
         2.26726464e-03,  3.00303560e-02, -3.83492754e-05,
         6.89528959e-03, -3.28465183e-02, -3.12005800e-03,
         1.91031485e-02, -1.14920569e-02, -2.28136746e-03,
         6.28448592e-05,  8.95288423e-03, -1.42191834e-03,
        -4.73086936e-03,  1.05495495e-03,  4.46664277e-04],
       [ 7.44995113e-01,  9.56923277e-01, -7.59620120e-02,
         2.27867871e-03,  3.00278059e-02, -3.82594542e-05,
         6.89268042e-03, -3.28413301e-02, -3.12003145e-03,
         1.91022428e-02, -1.14912169e-02, -2.28116160e-03,
         6.28777356e-05,  8.95301445e-03, -1.42202090e-03,
        -4.73096508e-03,  1.05499329e-03,  4.46582742e-04],
       [ 7.44965925e-01,  9.56991427e-01, -7.59517990e-02,
         2.26186035e-03,  3.00333666e-02, -3.84008306e-05,
         6.89465022e-03, -3.28454486e-02, -3.12005531e-03,
         1.91050667e-02, -1.14911381e-02, -2.28130052e-03,
         6.28338752e-05,  8.95281526e-03, -1.42195725e-03,
        -4.73094498e-03,  1.05495114e-03,  4.46614275e-04],
       [ 7.44977774e-01,  9.56939107e-01, -7.59680418e-02,
         2.27889299e-03,  3.00381697e-02, -3.82299749e-05,
         6.89316215e-03, -3.28479255e-02, -3.12000503e-03,
         1.91051877e-02, -1.14917942e-02, -2.28088012e-03,
         6.29226825e-05,  8.95314220e-03, -1.42183352e-03,
        -4.73092724e-03,  1.05496060e-03,  4.46647573e-04],
       [ 7.44997341e-01,  9.56915228e-01, -7.59526764e-02,
         2.27158091e-03,  3.00289485e-02, -3.83252701e-05,
         6.89247134e-03, -3.28400986e-02, -3.12018236e-03,
         1.91059314e-02, -1.14915351e-02, -2.28142663e-03,
         6.28503520e-05,  8.95305418e-03, -1.42195921e-03,
        -4.73093126e-03,  1.05490790e-03,  4.46580539e-04],
       [ 7.44974064e-01,  9.56923067e-01, -7.59629896e-02,
         2.23578520e-03,  3.00482604e-02, -3.85186259e-05,
         6.89195790e-03, -3.28531848e-02, -3.11994029e-03,
         1.91045726e-02, -1.14924943e-02, -2.28051767e-03,
         6.31462838e-05,  8.95305529e-03, -1.42184298e-03,
        -4.73102548e-03,  1.05493141e-03,  4.46716448e-04],
       [ 7.44948680e-01,  9.56933172e-01, -7.59835290e-02,
         2.26896866e-03,  3.00449570e-02, -3.82974263e-05,
         6.89486305e-03, -3.28497706e-02, -3.11989313e-03,
         1.91035324e-02, -1.14923753e-02, -2.28087883e-03,
         6.29245285e-05,  8.95325767e-03, -1.42191139e-03,
        -4.73086491e-03,  1.05493191e-03,  4.46715677e-04],
       [ 7.44981167e-01,  9.56921873e-01, -7.59538215e-02,
         2.28033888e-03,  3.00258521e-02, -3.82541461e-05,
         6.89450256e-03, -3.28435411e-02, -3.12019423e-03,
         1.91044483e-02, -1.14915831e-02, -2.28136199e-03,
         6.28101003e-05,  8.95320370e-03, -1.42197163e-03,
        -4.73089969e-03,  1.05500584e-03,  4.46680382e-04],
       [ 7.44976214e-01,  9.56922856e-01, -7.59668825e-02,
         2.27698229e-03,  3.00527771e-02, -3.82154762e-05,
         6.89400596e-03, -3.28537599e-02, -3.12051205e-03,
         1.91052782e-02, -1.14919263e-02, -2.28067802e-03,
         6.29697089e-05,  8.95283357e-03, -1.42189048e-03,
        -4.73101538e-03,  1.05489404e-03,  4.46674767e-04],
       [ 7.44996242e-01,  9.56923524e-01, -7.59586535e-02,
         2.27966679e-03,  3.00356727e-02, -3.82303809e-05,
         6.89123843e-03, -3.28431049e-02, -3.11925819e-03,
         1.91085773e-02, -1.14912835e-02, -2.28129931e-03,
         6.29466401e-05,  8.95252149e-03, -1.42192194e-03,
        -4.73114164e-03,  1.05491192e-03,  4.46560713e-04],
       [ 7.45030241e-01,  9.56882118e-01, -7.59544277e-02,
         2.27207363e-03,  3.00212566e-02, -3.83334909e-05,
         6.89095552e-03, -3.28330747e-02, -3.11955334e-03,
         1.91097766e-02, -1.14903989e-02, -2.28112338e-03,
         6.28760454e-05,  8.95247617e-03, -1.42205344e-03,
        -4.73098959e-03,  1.05498897e-03,  4.46460574e-04],
       [ 7.45002475e-01,  9.56910851e-01, -7.59638141e-02,
         2.26348565e-03,  3.00270124e-02, -3.84110892e-05,
         6.89321694e-03, -3.28352727e-02, -3.11932464e-03,
         1.91042361e-02, -1.14896625e-02, -2.28124527e-03,
         6.28296862e-05,  8.95268629e-03, -1.42193830e-03,
        -4.73100581e-03,  1.05491575e-03,  4.46563280e-04],
       [ 7.45004674e-01,  9.56916580e-01, -7.59550124e-02,
         2.25625890e-03,  3.00104469e-02, -3.85999616e-05,
         6.89189882e-03, -3.28295543e-02, -3.11973900e-03,
         1.91070720e-02, -1.14903662e-02, -2.28145538e-03,
         6.24427306e-05,  8.95261694e-03, -1.42203106e-03,
        -4.73101289e-03,  1.05498478e-03,  4.46494697e-04],
       [ 7.44924553e-01,  9.56877005e-01, -7.59667008e-02,
         2.26109366e-03,  3.00142105e-02, -3.84508419e-05,
         6.89361283e-03, -3.28315747e-02, -3.12000229e-03,
         1.91072615e-02, -1.14901495e-02, -2.28173747e-03,
         6.27594289e-05,  8.95267417e-03, -1.42208527e-03,
        -4.73102361e-03,  1.05500851e-03,  4.46488927e-04],
       [ 7.44936870e-01,  9.56954365e-01, -7.59515660e-02,
         2.28379364e-03,  3.00158926e-02, -3.81889503e-05,
         6.89374071e-03, -3.28539193e-02, -3.11984689e-03,
         1.91068124e-02, -1.14916041e-02, -2.28084033e-03,
         6.29616638e-05,  8.95303003e-03, -1.42193797e-03,
        -4.73092993e-03,  1.05495664e-03,  4.46670501e-04],
       [ 7.44992145e-01,  9.56921871e-01, -7.59489643e-02,
         2.28410555e-03,  3.00406828e-02, -3.81941661e-05,
         6.89334116e-03, -3.28316878e-02, -3.11919459e-03,
         1.91057098e-02, -1.14920420e-02, -2.28059798e-03,
         6.29679178e-05,  8.95249193e-03, -1.42187763e-03,
        -4.73111524e-03,  1.05487354e-03,  4.46609976e-04],
       [ 7.45043240e-01,  9.56927237e-01, -7.59592123e-02,
         2.25637085e-03,  2.99965199e-02, -3.85146897e-05,
         6.89431495e-03, -3.28239514e-02, -3.11933221e-03,
         1.91092714e-02, -1.14898803e-02, -2.28128490e-03,
         6.27528050e-05,  8.95236283e-03, -1.42206272e-03,
        -4.73110859e-03,  1.05497453e-03,  4.46406411e-04]]), array([0.41961373, 0.41961373, 0.41961375, 0.41961375, 0.41961375,
       0.41961376, 0.41961376, 0.41961376, 0.41961377, 0.41961377,
       0.41961377, 0.41961378, 0.41961378, 0.41961379, 0.41961379,
       0.41961379, 0.4196138 , 0.4196138 , 0.4196138 ]))
           fun: 0.4196137305399609
       message: 'Optimization terminated successfully.'
          nfev: 302
           nit: 164
        status: 0
       success: True
             x: array([ 7.44972894e-01,  9.56930892e-01, -7.59578774e-02,  2.25248316e-03,
        3.00215844e-02, -3.76653854e-05,  6.89920614e-03, -3.28404823e-02,
       -3.11994786e-03,  1.91051277e-02, -1.14904338e-02, -2.28201213e-03,
        6.23910277e-05,  8.95306943e-03, -1.42209568e-03, -4.73080045e-03,
        1.05498375e-03,  4.46535830e-04])
