      fun: 0.41401573145063847
 hess_inv: array([[ 3.69377623e-01, -6.88218436e-02, -1.75121837e+00, ...,
         1.58379279e+00,  1.35884817e+00,  5.49886522e-01],
       [-6.88218436e-02,  7.15125894e-01,  2.89542248e+00, ...,
        -9.67580328e-01, -1.00012218e+01, -6.92382845e-01],
       [-1.75121837e+00,  2.89542249e+00,  7.25182731e+01, ...,
        -6.73884132e+01, -1.27735212e+02, -3.44631182e+01],
       ...,
       [ 1.58379280e+00, -9.67580333e-01, -6.73884133e+01, ...,
         8.27025446e+02,  5.03180714e+02,  3.37382765e+02],
       [ 1.35884817e+00, -1.00012218e+01, -1.27735212e+02, ...,
         5.03180714e+02,  2.05139780e+03, -4.02953005e+01],
       [ 5.49886522e-01, -6.92382848e-01, -3.44631182e+01, ...,
         3.37382765e+02, -4.02953007e+01,  2.32542312e+02]])
      jac: array([ 4.66145575e-05, -7.48783350e-07,  9.38400626e-06, -1.23307109e-06,
        7.53998756e-06,  4.32506204e-06, -8.57561827e-06, -1.10343099e-05,
       -8.54209065e-06, -6.25476241e-06,  1.40197575e-04,  1.98788941e-04,
        3.78638506e-05,  4.68082726e-05, -1.27404928e-06,  1.42529607e-05,
        1.02035701e-05, -6.23241067e-06,  2.67475843e-06, -4.41446900e-06,
        2.16666609e-04,  3.30455601e-04,  4.02741134e-05,  7.96467066e-05,
        1.02743506e-05,  2.63564289e-05,  7.89016485e-06,  6.14672899e-07,
        2.15694308e-06, -1.21816993e-06,  2.67617404e-04,  4.17698175e-04,
        6.66640699e-05,  9.69618559e-05,  2.80216336e-05,  2.38195062e-05,
        7.17118382e-06,  3.24845314e-06,  1.00955367e-06,  1.08405948e-06,
        3.00679356e-04,  4.66659665e-04,  6.63213432e-05,  1.14846975e-04,
        8.86619091e-06,  2.58423388e-05, -4.28408384e-06,  8.15466046e-06,
       -2.31713057e-06,  3.82214785e-06])
  message: 'Desired error not necessarily achieved due to precision loss.'
     nfev: 20925
      nit: 301
     njev: 410
   status: 2
  success: False
        x: array([  0.7417641 ,   0.96509076,  -0.47750641,   0.09847547,
         4.06863948,  -0.13741688,  10.5388897 ,  -0.46662831,
         6.4335134 ,  -0.30201173,   0.13659239,  -0.42504852,
        -2.96475272,   0.63563321, -24.89727769,   1.80556169,
       -12.82644303,   1.84648421,  -3.21820513,   0.56956505,
        -0.24640405,   1.2504507 ,   9.24304949,  -2.9995362 ,
        20.15141252,  -4.60332401,   3.48752048,  -1.43751463,
         0.83946529,  -0.78775272,   0.32463488,  -0.58537601,
       -14.15108924,   1.81786273,  11.81140434,   1.71630441,
         2.94715862,  -0.87133514,   0.73081384,  -1.27208936,
        -0.13554132,   0.30011637,   5.93544263,  -2.25891887,
        -9.51583287,   4.02182914,  -4.31788771,  -1.88851068,
        -1.50225542,  -2.26335589])
