   direc: array([[-7.23443512e-03,  4.52449954e-03,  2.34518879e-05,
        -6.97523964e-03,  3.52598686e-03,  3.44399305e-03,
         3.66531990e-03,  3.75570929e-04, -8.04527272e-04,
        -2.07788804e-03, -6.14183894e-04,  5.02040773e-04,
        -2.68942646e-04,  1.65440790e-05,  9.98431468e-05,
        -1.87447254e-05,  2.12093216e-05,  2.70649830e-05],
       [ 5.17466485e-03,  2.62082553e-02,  9.40539319e-03,
        -1.97704463e-02, -1.52097927e-03,  3.79511125e-03,
        -1.54562009e-03, -3.65652639e-03, -2.47740492e-03,
         1.19417654e-03,  6.60505366e-05,  2.93039213e-04,
         1.54126541e-04,  4.23432544e-04, -2.46651725e-05,
        -1.01449363e-04,  7.49988795e-05, -4.70889777e-05],
       [-1.27802691e-02, -2.79989586e-02,  1.00592657e-02,
         7.88893932e-03,  2.18154806e-03,  1.73865995e-04,
         2.41599641e-04,  2.75467791e-03, -1.08332806e-03,
        -8.93955245e-04,  1.48286029e-04, -4.55554183e-04,
         9.01403160e-05,  5.45782280e-04, -1.05331761e-04,
        -1.04084258e-04,  2.54185694e-05, -5.17148720e-05],
       [ 0.00000000e+00,  0.00000000e+00,  0.00000000e+00,
         1.00000000e+00,  0.00000000e+00,  0.00000000e+00,
         0.00000000e+00,  0.00000000e+00,  0.00000000e+00,
         0.00000000e+00,  0.00000000e+00,  0.00000000e+00,
         0.00000000e+00,  0.00000000e+00,  0.00000000e+00,
         0.00000000e+00,  0.00000000e+00,  0.00000000e+00],
       [ 0.00000000e+00,  0.00000000e+00,  0.00000000e+00,
         0.00000000e+00,  1.00000000e+00,  0.00000000e+00,
         0.00000000e+00,  0.00000000e+00,  0.00000000e+00,
         0.00000000e+00,  0.00000000e+00,  0.00000000e+00,
         0.00000000e+00,  0.00000000e+00,  0.00000000e+00,
         0.00000000e+00,  0.00000000e+00,  0.00000000e+00],
       [ 0.00000000e+00,  0.00000000e+00,  0.00000000e+00,
         0.00000000e+00,  0.00000000e+00,  1.00000000e+00,
         0.00000000e+00,  0.00000000e+00,  0.00000000e+00,
         0.00000000e+00,  0.00000000e+00,  0.00000000e+00,
         0.00000000e+00,  0.00000000e+00,  0.00000000e+00,
         0.00000000e+00,  0.00000000e+00,  0.00000000e+00],
       [ 0.00000000e+00,  0.00000000e+00,  0.00000000e+00,
         0.00000000e+00,  0.00000000e+00,  0.00000000e+00,
         1.00000000e+00,  0.00000000e+00,  0.00000000e+00,
         0.00000000e+00,  0.00000000e+00,  0.00000000e+00,
         0.00000000e+00,  0.00000000e+00,  0.00000000e+00,
         0.00000000e+00,  0.00000000e+00,  0.00000000e+00],
       [ 1.38531812e-02, -1.01703151e-02,  4.43904644e-03,
         2.34422938e-03, -2.58009398e-03,  9.00894514e-04,
        -1.20928071e-03,  3.19714559e-04, -6.23000291e-04,
        -3.13619725e-04,  1.04331407e-04, -1.32672867e-04,
         2.81792191e-05,  2.75932787e-04, -2.00786447e-05,
        -5.16923679e-05,  2.72397767e-05, -2.25323476e-05],
       [ 0.00000000e+00,  0.00000000e+00,  0.00000000e+00,
         0.00000000e+00,  0.00000000e+00,  0.00000000e+00,
         0.00000000e+00,  0.00000000e+00,  1.00000000e+00,
         0.00000000e+00,  0.00000000e+00,  0.00000000e+00,
         0.00000000e+00,  0.00000000e+00,  0.00000000e+00,
         0.00000000e+00,  0.00000000e+00,  0.00000000e+00],
       [ 0.00000000e+00,  0.00000000e+00,  0.00000000e+00,
         0.00000000e+00,  0.00000000e+00,  0.00000000e+00,
         0.00000000e+00,  0.00000000e+00,  0.00000000e+00,
         1.00000000e+00,  0.00000000e+00,  0.00000000e+00,
         0.00000000e+00,  0.00000000e+00,  0.00000000e+00,
         0.00000000e+00,  0.00000000e+00,  0.00000000e+00],
       [ 0.00000000e+00,  0.00000000e+00,  0.00000000e+00,
         0.00000000e+00,  0.00000000e+00,  0.00000000e+00,
         0.00000000e+00,  0.00000000e+00,  0.00000000e+00,
         0.00000000e+00,  1.00000000e+00,  0.00000000e+00,
         0.00000000e+00,  0.00000000e+00,  0.00000000e+00,
         0.00000000e+00,  0.00000000e+00,  0.00000000e+00],
       [ 0.00000000e+00,  0.00000000e+00,  0.00000000e+00,
         0.00000000e+00,  0.00000000e+00,  0.00000000e+00,
         0.00000000e+00,  0.00000000e+00,  0.00000000e+00,
         0.00000000e+00,  0.00000000e+00,  1.00000000e+00,
         0.00000000e+00,  0.00000000e+00,  0.00000000e+00,
         0.00000000e+00,  0.00000000e+00,  0.00000000e+00],
       [-5.53033177e-03, -1.50946450e-02,  1.32685927e-02,
         3.88145553e-02,  3.83295952e-03, -1.40776983e-02,
         2.64603946e-03, -2.29821091e-03, -3.79134685e-03,
        -1.27578168e-03, -1.09835030e-03,  9.69221521e-04,
        -1.95711920e-04,  1.79368580e-04,  3.16794597e-04,
        -1.33772922e-04,  3.85707140e-05,  2.33312971e-05],
       [ 0.00000000e+00,  0.00000000e+00,  0.00000000e+00,
         0.00000000e+00,  0.00000000e+00,  0.00000000e+00,
         0.00000000e+00,  0.00000000e+00,  0.00000000e+00,
         0.00000000e+00,  0.00000000e+00,  0.00000000e+00,
         0.00000000e+00,  0.00000000e+00,  0.00000000e+00,
         0.00000000e+00,  0.00000000e+00,  1.00000000e+00],
       [-1.18735716e-03, -2.43220220e-03,  6.62522978e-03,
        -3.41647583e-03,  8.32301682e-04,  1.12097998e-03,
        -1.75110212e-04, -1.63621228e-03, -1.07707954e-03,
         4.56593677e-04, -1.15422819e-04,  3.03098089e-04,
         3.52167173e-05,  4.68835923e-05,  2.47110448e-05,
        -2.89661111e-05,  2.01860862e-05, -8.50541486e-06],
       [ 0.00000000e+00,  0.00000000e+00,  0.00000000e+00,
         0.00000000e+00,  0.00000000e+00,  0.00000000e+00,
         0.00000000e+00,  0.00000000e+00,  0.00000000e+00,
         0.00000000e+00,  0.00000000e+00,  0.00000000e+00,
         0.00000000e+00,  0.00000000e+00,  0.00000000e+00,
         1.00000000e+00,  0.00000000e+00,  0.00000000e+00],
       [ 0.00000000e+00,  0.00000000e+00,  0.00000000e+00,
         0.00000000e+00,  0.00000000e+00,  0.00000000e+00,
         0.00000000e+00,  0.00000000e+00,  0.00000000e+00,
         0.00000000e+00,  0.00000000e+00,  0.00000000e+00,
         0.00000000e+00,  0.00000000e+00,  0.00000000e+00,
         0.00000000e+00,  1.00000000e+00,  0.00000000e+00],
       [-7.73353027e-04, -3.12312680e-03, -2.89834613e-03,
         3.58548128e-04,  4.69901725e-04,  1.92263800e-04,
         2.07095353e-04,  2.54828336e-04,  3.33632588e-05,
        -2.45001974e-04, -5.08082103e-05,  1.13647115e-05,
        -1.54322583e-05,  5.32277806e-05,  3.06758206e-06,
        -5.43666360e-06,  4.48124098e-06, -4.06526900e-06]])
     fun: array(0.42862811)
 message: 'Optimization terminated successfully.'
    nfev: 6608
     nit: 22
  status: 0
 success: True
       x: array([ 7.40875635e-01,  9.03582893e-01, -3.05255580e-02,  2.39903554e-02,
        5.37410277e-03,  3.72948612e-04,  8.73136701e-03,  1.30190053e-02,
       -2.18304737e-02, -8.35998007e-03, -2.84367191e-03,  9.33801765e-04,
       -6.38860805e-05,  4.09965246e-03,  4.41925628e-05, -1.00376213e-03,
        3.90381088e-04, -2.41964358e-04])
